* c:\users\vivobook\desktop\esim\ldo_voltage_regilator\ldo_voltage_regilator.cir
Transient Analysis  Sat Aug 14 10:01:14  2021
--------------------------------------------------------------------------------
Index   time            net-_m1-pad2_   net-_m2-pad3_   net-_m4-pad3_   
--------------------------------------------------------------------------------
0	0.000000e+000	4.690367e-001	2.546843e+000	1.596658e-001	
1	1.000000e-011	4.690367e-001	2.546843e+000	1.596658e-001	
2	2.000000e-011	4.690367e-001	2.546843e+000	1.596658e-001	
3	4.000000e-011	4.690367e-001	2.546843e+000	1.596658e-001	
4	8.000000e-011	4.690367e-001	2.546843e+000	1.596658e-001	
5	1.600000e-010	4.690367e-001	2.546843e+000	1.596658e-001	
6	3.200000e-010	4.690367e-001	2.546843e+000	1.596658e-001	
7	6.400000e-010	4.690367e-001	2.546843e+000	1.596658e-001	
8	1.280000e-009	4.690367e-001	2.546843e+000	1.596658e-001	
9	2.560000e-009	4.690367e-001	2.546843e+000	1.596658e-001	
10	4.560000e-009	4.690367e-001	2.546843e+000	1.596658e-001	
11	6.560000e-009	4.690367e-001	2.546843e+000	1.596658e-001	
12	8.560000e-009	4.690367e-001	2.546843e+000	1.596658e-001	
13	1.056000e-008	4.690367e-001	2.546843e+000	1.596658e-001	
14	1.256000e-008	4.690367e-001	2.546843e+000	1.596658e-001	
15	1.456000e-008	4.690367e-001	2.546843e+000	1.596658e-001	
16	1.656000e-008	4.690367e-001	2.546843e+000	1.596658e-001	
17	1.856000e-008	4.690367e-001	2.546843e+000	1.596658e-001	
18	2.056000e-008	4.690367e-001	2.546843e+000	1.596658e-001	
19	2.256000e-008	4.690367e-001	2.546843e+000	1.596658e-001	
20	2.456000e-008	4.690367e-001	2.546843e+000	1.596658e-001	
21	2.656000e-008	4.690367e-001	2.546843e+000	1.596658e-001	
22	2.856000e-008	4.690367e-001	2.546843e+000	1.596658e-001	
23	3.056000e-008	4.690367e-001	2.546843e+000	1.596658e-001	
24	3.256000e-008	4.690367e-001	2.546843e+000	1.596658e-001	
25	3.456000e-008	4.690367e-001	2.546843e+000	1.596658e-001	
26	3.656000e-008	4.690367e-001	2.546843e+000	1.596658e-001	
27	3.856000e-008	4.690367e-001	2.546843e+000	1.596658e-001	
28	4.056000e-008	4.690367e-001	2.546843e+000	1.596658e-001	
29	4.256000e-008	4.690367e-001	2.546843e+000	1.596658e-001	
30	4.456000e-008	4.690367e-001	2.546843e+000	1.596658e-001	
31	4.656000e-008	4.690367e-001	2.546843e+000	1.596658e-001	
32	4.856000e-008	4.690367e-001	2.546843e+000	1.596658e-001	
33	5.056000e-008	4.690367e-001	2.546843e+000	1.596658e-001	
34	5.256000e-008	4.690367e-001	2.546843e+000	1.596658e-001	
35	5.456000e-008	4.690367e-001	2.546843e+000	1.596658e-001	
36	5.656000e-008	4.690367e-001	2.546843e+000	1.596658e-001	
37	5.856000e-008	4.690367e-001	2.546843e+000	1.596658e-001	
38	6.056000e-008	4.690367e-001	2.546843e+000	1.596658e-001	
39	6.256000e-008	4.690367e-001	2.546843e+000	1.596658e-001	
40	6.456000e-008	4.690367e-001	2.546843e+000	1.596658e-001	
41	6.656000e-008	4.690367e-001	2.546843e+000	1.596658e-001	
42	6.856000e-008	4.690367e-001	2.546843e+000	1.596658e-001	
43	7.056000e-008	4.690367e-001	2.546843e+000	1.596658e-001	
44	7.256000e-008	4.690367e-001	2.546843e+000	1.596658e-001	
45	7.456000e-008	4.690367e-001	2.546843e+000	1.596658e-001	
46	7.656000e-008	4.690367e-001	2.546843e+000	1.596658e-001	
47	7.856000e-008	4.690367e-001	2.546843e+000	1.596658e-001	
48	8.056000e-008	4.690367e-001	2.546843e+000	1.596658e-001	
49	8.256000e-008	4.690367e-001	2.546843e+000	1.596658e-001	
50	8.456000e-008	4.690367e-001	2.546843e+000	1.596658e-001	
51	8.656000e-008	4.690367e-001	2.546843e+000	1.596658e-001	
52	8.856000e-008	4.690367e-001	2.546843e+000	1.596658e-001	
53	9.056000e-008	4.690367e-001	2.546843e+000	1.596658e-001	
54	9.256000e-008	4.690367e-001	2.546843e+000	1.596658e-001	

Index   time            net-_m1-pad2_   net-_m2-pad3_   net-_m4-pad3_   
--------------------------------------------------------------------------------
55	9.456000e-008	4.690367e-001	2.546843e+000	1.596658e-001	
56	9.656000e-008	4.690367e-001	2.546843e+000	1.596658e-001	
57	9.856000e-008	4.690367e-001	2.546843e+000	1.596658e-001	
58	1.000000e-007	4.690367e-001	2.546843e+000	1.596658e-001	

* c:\users\vivobook\desktop\esim\ldo_voltage_regilator\ldo_voltage_regilator.cir
Transient Analysis  Sat Aug 14 10:01:14  2021
--------------------------------------------------------------------------------
Index   time            net-_m6-pad3_   net-_m9-pad2_   vin             
--------------------------------------------------------------------------------
0	0.000000e+000	1.446349e-008	5.670091e-001	2.550000e+000	
1	1.000000e-011	1.446352e-008	5.670091e-001	2.550000e+000	
2	2.000000e-011	1.446354e-008	5.670091e-001	2.550000e+000	
3	4.000000e-011	1.446357e-008	5.670091e-001	2.550000e+000	
4	8.000000e-011	1.446360e-008	5.670091e-001	2.550000e+000	
5	1.600000e-010	1.446357e-008	5.670091e-001	2.550000e+000	
6	3.200000e-010	1.446353e-008	5.670091e-001	2.550000e+000	
7	6.400000e-010	1.446347e-008	5.670091e-001	2.550000e+000	
8	1.280000e-009	1.446334e-008	5.670091e-001	2.550000e+000	
9	2.560000e-009	1.446309e-008	5.670091e-001	2.550000e+000	
10	4.560000e-009	1.446271e-008	5.670091e-001	2.550000e+000	
11	6.560000e-009	1.446233e-008	5.670091e-001	2.550000e+000	
12	8.560000e-009	1.446196e-008	5.670091e-001	2.550000e+000	
13	1.056000e-008	1.446159e-008	5.670091e-001	2.550000e+000	
14	1.256000e-008	1.446123e-008	5.670091e-001	2.550000e+000	
15	1.456000e-008	1.446087e-008	5.670091e-001	2.550000e+000	
16	1.656000e-008	1.446052e-008	5.670091e-001	2.550000e+000	
17	1.856000e-008	1.446017e-008	5.670091e-001	2.550000e+000	
18	2.056000e-008	1.445983e-008	5.670091e-001	2.550000e+000	
19	2.256000e-008	1.445949e-008	5.670091e-001	2.550000e+000	
20	2.456000e-008	1.445916e-008	5.670091e-001	2.550000e+000	
21	2.656000e-008	1.445883e-008	5.670091e-001	2.550000e+000	
22	2.856000e-008	1.445851e-008	5.670091e-001	2.550000e+000	
23	3.056000e-008	1.445819e-008	5.670091e-001	2.550000e+000	
24	3.256000e-008	1.445788e-008	5.670091e-001	2.550000e+000	
25	3.456000e-008	1.445757e-008	5.670091e-001	2.550000e+000	
26	3.656000e-008	1.445727e-008	5.670091e-001	2.550000e+000	
27	3.856000e-008	1.445696e-008	5.670091e-001	2.550000e+000	
28	4.056000e-008	1.445667e-008	5.670091e-001	2.550000e+000	
29	4.256000e-008	1.445637e-008	5.670091e-001	2.550000e+000	
30	4.456000e-008	1.445609e-008	5.670091e-001	2.550000e+000	
31	4.656000e-008	1.445580e-008	5.670091e-001	2.550000e+000	
32	4.856000e-008	1.445552e-008	5.670091e-001	2.550000e+000	
33	5.056000e-008	1.445524e-008	5.670091e-001	2.550000e+000	
34	5.256000e-008	1.445498e-008	5.670091e-001	2.550000e+000	
35	5.456000e-008	1.445470e-008	5.670091e-001	2.550000e+000	
36	5.656000e-008	1.445444e-008	5.670091e-001	2.550000e+000	
37	5.856000e-008	1.445418e-008	5.670091e-001	2.550000e+000	
38	6.056000e-008	1.445392e-008	5.670091e-001	2.550000e+000	
39	6.256000e-008	1.445367e-008	5.670091e-001	2.550000e+000	
40	6.456000e-008	1.445342e-008	5.670091e-001	2.550000e+000	
41	6.656000e-008	1.445317e-008	5.670091e-001	2.550000e+000	
42	6.856000e-008	1.445294e-008	5.670091e-001	2.550000e+000	
43	7.056000e-008	1.445270e-008	5.670091e-001	2.550000e+000	
44	7.256000e-008	1.445247e-008	5.670091e-001	2.550000e+000	
45	7.456000e-008	1.445223e-008	5.670091e-001	2.550000e+000	
46	7.656000e-008	1.445201e-008	5.670091e-001	2.550000e+000	
47	7.856000e-008	1.445178e-008	5.670091e-001	2.550000e+000	
48	8.056000e-008	1.445156e-008	5.670091e-001	2.550000e+000	
49	8.256000e-008	1.445134e-008	5.670091e-001	2.550000e+000	
50	8.456000e-008	1.445113e-008	5.670091e-001	2.550000e+000	
51	8.656000e-008	1.445091e-008	5.670091e-001	2.550000e+000	
52	8.856000e-008	1.445070e-008	5.670091e-001	2.550000e+000	
53	9.056000e-008	1.445049e-008	5.670091e-001	2.550000e+000	
54	9.256000e-008	1.445030e-008	5.670091e-001	2.550000e+000	

Index   time            net-_m6-pad3_   net-_m9-pad2_   vin             
--------------------------------------------------------------------------------
55	9.456000e-008	1.445009e-008	5.670091e-001	2.550000e+000	
56	9.656000e-008	1.444990e-008	5.670091e-001	2.550000e+000	
57	9.856000e-008	1.444971e-008	5.670091e-001	2.550000e+000	
58	1.000000e-007	1.444957e-008	5.670091e-001	2.550000e+000	

* c:\users\vivobook\desktop\esim\ldo_voltage_regilator\ldo_voltage_regilator.cir
Transient Analysis  Sat Aug 14 10:01:14  2021
--------------------------------------------------------------------------------
Index   time            vout            vref            
--------------------------------------------------------------------------------
0	0.000000e+000	9.072145e-001	1.500000e+000	
1	1.000000e-011	9.072145e-001	1.500000e+000	
2	2.000000e-011	9.072145e-001	1.500000e+000	
3	4.000000e-011	9.072145e-001	1.500000e+000	
4	8.000000e-011	9.072145e-001	1.500000e+000	
5	1.600000e-010	9.072145e-001	1.500000e+000	
6	3.200000e-010	9.072145e-001	1.500000e+000	
7	6.400000e-010	9.072145e-001	1.500000e+000	
8	1.280000e-009	9.072145e-001	1.500000e+000	
9	2.560000e-009	9.072145e-001	1.500000e+000	
10	4.560000e-009	9.072145e-001	1.500000e+000	
11	6.560000e-009	9.072145e-001	1.500000e+000	
12	8.560000e-009	9.072145e-001	1.500000e+000	
13	1.056000e-008	9.072145e-001	1.500000e+000	
14	1.256000e-008	9.072145e-001	1.500000e+000	
15	1.456000e-008	9.072145e-001	1.500000e+000	
16	1.656000e-008	9.072145e-001	1.500000e+000	
17	1.856000e-008	9.072145e-001	1.500000e+000	
18	2.056000e-008	9.072145e-001	1.500000e+000	
19	2.256000e-008	9.072145e-001	1.500000e+000	
20	2.456000e-008	9.072145e-001	1.500000e+000	
21	2.656000e-008	9.072145e-001	1.500000e+000	
22	2.856000e-008	9.072145e-001	1.500000e+000	
23	3.056000e-008	9.072145e-001	1.500000e+000	
24	3.256000e-008	9.072145e-001	1.500000e+000	
25	3.456000e-008	9.072145e-001	1.500000e+000	
26	3.656000e-008	9.072145e-001	1.500000e+000	
27	3.856000e-008	9.072145e-001	1.500000e+000	
28	4.056000e-008	9.072145e-001	1.500000e+000	
29	4.256000e-008	9.072145e-001	1.500000e+000	
30	4.456000e-008	9.072145e-001	1.500000e+000	
31	4.656000e-008	9.072145e-001	1.500000e+000	
32	4.856000e-008	9.072145e-001	1.500000e+000	
33	5.056000e-008	9.072145e-001	1.500000e+000	
34	5.256000e-008	9.072145e-001	1.500000e+000	
35	5.456000e-008	9.072145e-001	1.500000e+000	
36	5.656000e-008	9.072145e-001	1.500000e+000	
37	5.856000e-008	9.072145e-001	1.500000e+000	
38	6.056000e-008	9.072145e-001	1.500000e+000	
39	6.256000e-008	9.072145e-001	1.500000e+000	
40	6.456000e-008	9.072145e-001	1.500000e+000	
41	6.656000e-008	9.072145e-001	1.500000e+000	
42	6.856000e-008	9.072145e-001	1.500000e+000	
43	7.056000e-008	9.072145e-001	1.500000e+000	
44	7.256000e-008	9.072145e-001	1.500000e+000	
45	7.456000e-008	9.072145e-001	1.500000e+000	
46	7.656000e-008	9.072145e-001	1.500000e+000	
47	7.856000e-008	9.072145e-001	1.500000e+000	
48	8.056000e-008	9.072145e-001	1.500000e+000	
49	8.256000e-008	9.072145e-001	1.500000e+000	
50	8.456000e-008	9.072145e-001	1.500000e+000	
51	8.656000e-008	9.072145e-001	1.500000e+000	
52	8.856000e-008	9.072145e-001	1.500000e+000	
53	9.056000e-008	9.072145e-001	1.500000e+000	
54	9.256000e-008	9.072145e-001	1.500000e+000	

Index   time            vout            vref            
--------------------------------------------------------------------------------
55	9.456000e-008	9.072145e-001	1.500000e+000	
56	9.656000e-008	9.072145e-001	1.500000e+000	
57	9.856000e-008	9.072145e-001	1.500000e+000	
58	1.000000e-007	9.072145e-001	1.500000e+000	
